MAP_NAME BM_ring 
#
# Mrl5 Radar range ring
#
POLYLINE Mrl5 361
29.931624 28.173024
29.931388 28.136332
29.930584 28.099650
29.929212 28.062991
29.927273 28.026366
29.924768 27.989787
29.921696 27.953266
29.918060 27.916815
29.913860 27.880445
29.909098 27.844169
29.903775 27.807997
29.897893 27.771941
29.891453 27.736013
29.884459 27.700225
29.876911 27.664587
29.868813 27.629112
29.860168 27.593811
29.850977 27.558694
29.841244 27.523774
29.830972 27.489060
29.820165 27.454566
29.808826 27.420300
29.796957 27.386275
29.784565 27.352501
29.771651 27.318988
29.758221 27.285748
29.744279 27.252791
29.729829 27.220127
29.714876 27.187766
29.699424 27.155720
29.683479 27.123997
29.667046 27.092608
29.650129 27.061563
29.632735 27.030871
29.614869 27.000543
29.596536 26.970586
29.577743 26.941011
29.558496 26.911827
29.538800 26.883043
29.518661 26.854668
29.498088 26.826710
29.477084 26.799179
29.455659 26.772081
29.433817 26.745427
29.411567 26.719224
29.388915 26.693479
29.365869 26.668202
29.342435 26.643399
29.318621 26.619077
29.294435 26.595245
29.269884 26.571909
29.244976 26.549076
29.219719 26.526754
29.194121 26.504948
29.168190 26.483665
29.141933 26.462911
29.115360 26.442693
29.088478 26.423016
29.061297 26.403886
29.033824 26.385309
29.006067 26.367289
28.978037 26.349833
28.949741 26.332945
28.921189 26.316629
28.892388 26.300891
28.863349 26.285734
28.834080 26.271163
28.804590 26.257183
28.774889 26.243796
28.744985 26.231006
28.714888 26.218817
28.684608 26.207233
28.654153 26.196255
28.623533 26.185887
28.592757 26.176132
28.561836 26.166992
28.530777 26.158469
28.499592 26.150566
28.468289 26.143283
28.436879 26.136624
28.405370 26.130589
28.373773 26.125179
28.342097 26.120397
28.310351 26.116241
28.278547 26.112715
28.246692 26.109817
28.214797 26.107548
28.182873 26.105909
28.150927 26.104898
28.118971 26.104517
28.087013 26.104764
28.055064 26.105639
28.023133 26.107141
27.991230 26.109270
27.959365 26.112023
27.927547 26.115399
27.895785 26.119398
27.864090 26.124016
27.832471 26.129253
27.800938 26.135106
27.769500 26.141573
27.738166 26.148651
27.706946 26.156338
27.675849 26.164631
27.644885 26.173527
27.614063 26.183022
27.583392 26.193115
27.552881 26.203799
27.522541 26.215074
27.492378 26.226933
27.462403 26.239374
27.432625 26.252393
27.403053 26.265984
27.373694 26.280144
27.344559 26.294867
27.315656 26.310149
27.286993 26.325986
27.258579 26.342371
27.230423 26.359300
27.202532 26.376767
27.174915 26.394767
27.147580 26.413294
27.120536 26.432341
27.093790 26.451904
27.067351 26.471976
27.041225 26.492551
27.015422 26.513622
26.989948 26.535183
26.964811 26.557227
26.940018 26.579747
26.915578 26.602736
26.891496 26.626188
26.867781 26.650095
26.844439 26.674450
26.821477 26.699245
26.798902 26.724473
26.776720 26.750127
26.754938 26.776197
26.733563 26.802678
26.712601 26.829560
26.692057 26.856835
26.671939 26.884496
26.652251 26.912534
26.633000 26.940941
26.614192 26.969707
26.595831 26.998826
26.577924 27.028287
26.560475 27.058082
26.543490 27.088203
26.526973 27.118640
26.510930 27.149384
26.495366 27.180427
26.480284 27.211758
26.465689 27.243370
26.451586 27.275252
26.437978 27.307395
26.424870 27.339790
26.412266 27.372426
26.400168 27.405296
26.388581 27.438388
26.377509 27.471694
26.366954 27.505202
26.356919 27.538905
26.347407 27.572791
26.338422 27.606851
26.329965 27.641075
26.322040 27.675453
26.314648 27.709975
26.307792 27.744631
26.301474 27.779410
26.295695 27.814303
26.290458 27.849299
26.285763 27.884389
26.281613 27.919561
26.278008 27.954806
26.274949 27.990114
26.272438 28.025474
26.270475 28.060876
26.269060 28.096309
26.268195 28.131764
26.267879 28.167230
26.268112 28.202697
26.268894 28.238154
26.270226 28.273591
26.272106 28.308998
26.274535 28.344365
26.277510 28.379680
26.281033 28.414935
26.285101 28.450118
26.289713 28.485220
26.294868 28.520230
26.300565 28.555138
26.306801 28.589934
26.313576 28.624608
26.320886 28.659149
26.328730 28.693548
26.337106 28.727795
26.346011 28.761879
26.355443 28.795790
26.365398 28.829519
26.375874 28.863056
26.386867 28.896391
26.398375 28.929515
26.410395 28.962416
26.422921 28.995087
26.435952 29.027517
26.449483 29.059696
26.463510 29.091616
26.478029 29.123267
26.493036 29.154640
26.508526 29.185724
26.524495 29.216512
26.540938 29.246994
26.557850 29.277160
26.575227 29.307003
26.593063 29.336513
26.611353 29.365682
26.630091 29.394500
26.649273 29.422959
26.668892 29.451051
26.688942 29.478768
26.709419 29.506100
26.730315 29.533040
26.751624 29.559579
26.773341 29.585711
26.795459 29.611426
26.817972 29.636717
26.840872 29.661576
26.864153 29.685997
26.887808 29.709970
26.911830 29.733490
26.936212 29.756548
26.960947 29.779139
26.986028 29.801254
27.011447 29.822887
27.037196 29.844032
27.063268 29.864681
27.089656 29.884829
27.116351 29.904469
27.143345 29.923594
27.170631 29.942200
27.198200 29.960280
27.226044 29.977828
27.254156 29.994839
27.282526 30.011307
27.311146 30.027228
27.340008 30.042595
27.369102 30.057404
27.398421 30.071650
27.427956 30.085329
27.457697 30.098436
27.487637 30.110966
27.517765 30.122916
27.548073 30.134281
27.578552 30.145058
27.609193 30.155242
27.639987 30.164831
27.670924 30.173820
27.701995 30.182208
27.733190 30.189990
27.764501 30.197164
27.795918 30.203728
27.827432 30.209678
27.859032 30.215012
27.890710 30.219729
27.922456 30.223826
27.954260 30.227302
27.986113 30.230155
28.018005 30.232383
28.049926 30.233986
28.081868 30.234961
28.113819 30.235310
28.145771 30.235030
28.177713 30.234122
28.209636 30.232584
28.241531 30.230418
28.273387 30.227622
28.305195 30.224198
28.336945 30.220145
28.368628 30.215466
28.400233 30.210159
28.431752 30.204227
28.463174 30.197670
28.494489 30.190491
28.525689 30.182690
28.556764 30.174269
28.587703 30.165232
28.618498 30.155579
28.649139 30.145313
28.679617 30.134437
28.709922 30.122954
28.740045 30.110866
28.769976 30.098178
28.799706 30.084891
28.829227 30.071010
28.858528 30.056539
28.887602 30.041482
28.916438 30.025842
28.945028 30.009624
28.973362 29.992833
29.001433 29.975473
29.029231 29.957549
29.056748 29.939067
29.083975 29.920031
29.110903 29.900448
29.137525 29.880322
29.163831 29.859661
29.189814 29.838469
29.215465 29.816752
29.240776 29.794519
29.265739 29.771774
29.290347 29.748525
29.314592 29.724778
29.338466 29.700541
29.361961 29.675822
29.385070 29.650626
29.407786 29.624963
29.430102 29.598839
29.452010 29.572263
29.473504 29.545243
29.494577 29.517787
29.515221 29.489904
29.535431 29.461602
29.555200 29.432889
29.574522 29.403775
29.593391 29.374268
29.611800 29.344379
29.629743 29.314115
29.647216 29.283487
29.664212 29.252504
29.680727 29.221175
29.696753 29.189511
29.712288 29.157521
29.727325 29.125216
29.741860 29.092606
29.755887 29.059700
29.769404 29.026510
29.782405 28.993045
29.794885 28.959317
29.806842 28.925336
29.818271 28.891113
29.829169 28.856658
29.839532 28.821984
29.849356 28.787100
29.858639 28.752017
29.867377 28.716748
29.875568 28.681304
29.883210 28.645695
29.890298 28.609933
29.896832 28.574029
29.902810 28.537996
29.908228 28.501844
29.913086 28.465585
29.917382 28.429232
29.921115 28.392795
29.924283 28.356286
29.926885 28.319717
29.928921 28.283099
29.930390 28.246446
29.931291 28.209767
-1000.0 -1000.0
