MAP_NAME DN_ring
#
# Athlone Radar range ring
#
POLYLINE Athlone 361
31.798622 31.006615
31.799221 30.969247
31.799252 30.931871
31.798715 30.894500
31.797610 30.857145
31.795937 30.819819
31.793698 30.782533
31.790891 30.745300
31.787519 30.708132
31.783582 30.671041
31.779082 30.634039
31.774020 30.597137
31.768398 30.560348
31.762217 30.523683
31.755480 30.487155
31.748188 30.450774
31.740344 30.414554
31.731950 30.378505
31.723010 30.342639
31.713525 30.306967
31.703500 30.271502
31.692936 30.236254
31.681838 30.201235
31.670209 30.166455
31.658054 30.131927
31.645374 30.097661
31.632176 30.063668
31.618463 30.029958
31.604239 29.996543
31.589509 29.963433
31.574277 29.930639
31.558550 29.898171
31.542331 29.866040
31.525625 29.834254
31.508439 29.802825
31.490777 29.771763
31.472646 29.741076
31.454051 29.710775
31.434997 29.680870
31.415492 29.651368
31.395541 29.622281
31.375151 29.593615
31.354328 29.565382
31.333078 29.537589
31.311409 29.510244
31.289328 29.483357
31.266841 29.456935
31.243956 29.430986
31.220679 29.405519
31.197019 29.380541
31.172982 29.356060
31.148577 29.332082
31.123811 29.308616
31.098692 29.285668
31.073227 29.263245
31.047426 29.241354
31.021295 29.220001
30.994844 29.199193
30.968080 29.178935
30.941012 29.159233
30.913649 29.140094
30.885999 29.121523
30.858071 29.103524
30.829873 29.086104
30.801414 29.069267
30.772704 29.053018
30.743751 29.037362
30.714564 29.022302
30.685153 29.007843
30.655526 28.993989
30.625693 28.980744
30.595663 28.968111
30.565446 28.956093
30.535050 28.944694
30.504486 28.933917
30.473762 28.923765
30.442889 28.914239
30.411875 28.905343
30.380730 28.897078
30.349465 28.889447
30.318088 28.882450
30.286610 28.876091
30.255039 28.870370
30.223387 28.865287
30.191661 28.860845
30.159873 28.857044
30.128032 28.853885
30.096147 28.851367
30.064229 28.849491
30.032287 28.848257
30.000331 28.847664
29.968371 28.847713
29.936416 28.848403
29.904477 28.849732
29.872562 28.851700
29.840682 28.854306
29.808846 28.857547
29.777065 28.861424
29.745346 28.865933
29.713701 28.871073
29.682139 28.876841
29.650669 28.883236
29.619302 28.890255
29.588045 28.897895
29.556909 28.906153
29.525903 28.915026
29.495037 28.924512
29.464320 28.934606
29.433760 28.945305
29.403368 28.956605
29.373152 28.968503
29.343121 28.980994
29.313285 28.994074
29.283652 29.007738
29.254231 29.021982
29.225031 29.036802
29.196061 29.052192
29.167329 29.068147
29.138844 29.084663
29.110615 29.101732
29.082649 29.119352
29.054955 29.137514
29.027542 29.156214
29.000417 29.175446
28.973588 29.195204
28.947064 29.215481
28.920852 29.236270
28.894961 29.257566
28.869397 29.279362
28.844168 29.301651
28.819283 29.324425
28.794747 29.347679
28.770569 29.371404
28.746755 29.395594
28.723312 29.420240
28.700249 29.445336
28.677570 29.470874
28.655283 29.496845
28.633395 29.523243
28.611911 29.550059
28.590839 29.577284
28.570184 29.604911
28.549952 29.632931
28.530150 29.661337
28.510783 29.690118
28.491857 29.719267
28.473377 29.748776
28.455348 29.778634
28.437777 29.808833
28.420668 29.839365
28.404026 29.870220
28.387856 29.901389
28.372163 29.932863
28.356951 29.964632
28.342224 29.996687
28.327988 30.029018
28.314246 30.061617
28.301001 30.094473
28.288259 30.127577
28.276022 30.160919
28.264295 30.194489
28.253080 30.228277
28.242381 30.262274
28.232201 30.296469
28.222542 30.330853
28.213409 30.365416
28.204802 30.400147
28.196725 30.435036
28.189181 30.470073
28.182170 30.505249
28.175696 30.540551
28.169760 30.575972
28.164363 30.611499
28.159508 30.647123
28.155195 30.682834
28.151427 30.718620
28.148203 30.754473
28.145525 30.790380
28.143394 30.826333
28.141810 30.862320
28.140773 30.898331
28.140284 30.934355
28.140344 30.970383
28.140951 31.006404
28.142105 31.042406
28.143807 31.078381
28.146056 31.114317
28.148851 31.150205
28.152191 31.186032
28.156075 31.221791
28.160502 31.257469
28.165471 31.293057
28.170980 31.328544
28.177028 31.363920
28.183612 31.399175
28.190731 31.434299
28.198383 31.469281
28.206565 31.504111
28.215275 31.538780
28.224510 31.573276
28.234269 31.607591
28.244547 31.641714
28.255341 31.675635
28.266650 31.709344
28.278468 31.742831
28.290793 31.776088
28.303622 31.809103
28.316950 31.841868
28.330773 31.874373
28.345088 31.906608
28.359889 31.938564
28.375174 31.970231
28.390937 32.001601
28.407174 32.032663
28.423879 32.063410
28.441049 32.093831
28.458677 32.123918
28.476760 32.153663
28.495290 32.183055
28.514264 32.212087
28.533675 32.240750
28.553519 32.269035
28.573788 32.296935
28.594477 32.324440
28.615580 32.351542
28.637090 32.378234
28.659002 32.404507
28.681309 32.430354
28.704004 32.455766
28.727081 32.480736
28.750533 32.505257
28.774353 32.529321
28.798534 32.552921
28.823069 32.576049
28.847951 32.598698
28.873172 32.620863
28.898724 32.642534
28.924601 32.663707
28.950795 32.684375
28.977298 32.704531
29.004102 32.724168
29.031200 32.743281
29.058582 32.761864
29.086242 32.779911
29.114171 32.797416
29.142361 32.814373
29.170802 32.830778
29.199488 32.846624
29.228410 32.861907
29.257558 32.876622
29.286925 32.890765
29.316501 32.904329
29.346277 32.917311
29.376246 32.929707
29.406398 32.941512
29.436723 32.952723
29.467214 32.963335
29.497861 32.973345
29.528654 32.982750
29.559585 32.991545
29.590644 32.999729
29.621822 33.007297
29.653110 33.014247
29.684498 33.020577
29.715977 33.026284
29.747538 33.031365
29.779170 33.035819
29.810865 33.039644
29.842614 33.042838
29.874405 33.045399
29.906230 33.047326
29.938080 33.048618
29.969944 33.049274
30.001813 33.049292
30.033678 33.048674
30.065528 33.047417
30.097355 33.045522
30.129147 33.042988
30.160897 33.039817
30.192594 33.036007
30.224228 33.031561
30.255790 33.026478
30.287270 33.020759
30.318659 33.014405
30.349947 33.007419
30.381124 32.999800
30.412182 32.991552
30.443109 32.982676
30.473898 32.973173
30.504538 32.963047
30.535020 32.952299
30.565335 32.940933
30.595473 32.928952
30.625425 32.916358
30.655182 32.903154
30.684734 32.889345
30.714073 32.874934
30.743189 32.859924
30.772074 32.844320
30.800718 32.828126
30.829112 32.811347
30.857248 32.793987
30.885116 32.776051
30.912709 32.757544
30.940017 32.738471
30.967033 32.718839
30.993746 32.698651
31.020150 32.677914
31.046236 32.656635
31.071995 32.634819
31.097420 32.612473
31.122502 32.589602
31.147234 32.566215
31.171608 32.542317
31.195616 32.517917
31.219250 32.493020
31.242504 32.467635
31.265369 32.441769
31.287839 32.415430
31.309906 32.388626
31.331563 32.361365
31.352803 32.333656
31.373620 32.305505
31.394008 32.276924
31.413958 32.247919
31.433466 32.218500
31.452524 32.188676
31.471127 32.158457
31.489269 32.127850
31.506944 32.096867
31.524146 32.065517
31.540870 32.033809
31.557110 32.001753
31.572861 31.969360
31.588118 31.936639
31.602876 31.903600
31.617131 31.870255
31.630877 31.836614
31.644110 31.802687
31.656827 31.768485
31.669022 31.734019
31.680692 31.699299
31.691833 31.664338
31.702441 31.629145
31.712514 31.593733
31.722047 31.558112
31.731037 31.522294
31.739483 31.486290
31.747380 31.450112
31.754726 31.413771
31.761519 31.377280
31.767756 31.340649
31.773437 31.303891
31.778557 31.267018
31.783117 31.230040
31.787114 31.192971
31.790547 31.155822
31.793416 31.118605
31.795718 31.081333
31.797453 31.044016
-1000.0 -1000.0
