MAP_NAME EO_ring
#
# Ermelo Radar range ring
#
POLYLINE Ermelo 361
28.330951 30.012930
28.331200 29.976818
28.330882 29.940707
28.329997 29.904607
28.328545 29.868531
28.326526 29.832489
28.323941 29.796494
28.320792 29.760556
28.317078 29.724688
28.312801 29.688901
28.307963 29.653207
28.302564 29.617616
28.296607 29.582141
28.290094 29.546792
28.283026 29.511581
28.275407 29.476519
28.267237 29.441618
28.258520 29.406888
28.249259 29.372341
28.239457 29.337988
28.229116 29.303839
28.218240 29.269905
28.206833 29.236198
28.194898 29.202728
28.182439 29.169505
28.169460 29.136541
28.155964 29.103844
28.141957 29.071427
28.127443 29.039299
28.112427 29.007471
28.096912 28.975951
28.080905 28.944751
28.064410 28.913880
28.047432 28.883347
28.029978 28.853163
28.012051 28.823336
27.993659 28.793876
27.974807 28.764793
27.955501 28.736094
27.935747 28.707790
27.915551 28.679888
27.894920 28.652398
27.873860 28.625327
27.852379 28.598685
27.830482 28.572480
27.808176 28.546718
27.785470 28.521409
27.762369 28.496560
27.738881 28.472178
27.715015 28.448272
27.690776 28.424847
27.666173 28.401911
27.641213 28.379472
27.615905 28.357535
27.590256 28.336107
27.564275 28.315196
27.537969 28.294805
27.511346 28.274943
27.484416 28.255614
27.457186 28.236825
27.429665 28.218580
27.401862 28.200885
27.373786 28.183746
27.345444 28.167166
27.316846 28.151151
27.288001 28.135706
27.258918 28.120834
27.229606 28.106540
27.200073 28.092828
27.170330 28.079701
27.140385 28.067164
27.110248 28.055219
27.079928 28.043870
27.049434 28.033120
27.018776 28.022971
26.987963 28.013427
26.957004 28.004489
26.925911 27.996161
26.894691 27.988443
26.863354 27.981338
26.831911 27.974848
26.800370 27.968974
26.768742 27.963718
26.737036 27.959079
26.705262 27.955060
26.673429 27.951661
26.641548 27.948883
26.609628 27.946725
26.577679 27.945189
26.545710 27.944273
26.513732 27.943979
26.481754 27.944304
26.449786 27.945250
26.417837 27.946814
26.385917 27.948996
26.354037 27.951795
26.322205 27.955209
26.290431 27.959237
26.258726 27.963877
26.227098 27.969127
26.195556 27.974986
26.164112 27.981450
26.132774 27.988518
26.101551 27.996187
26.070453 28.004454
26.039490 28.013316
26.008670 28.022770
25.978004 28.032813
25.947499 28.043441
25.917166 28.054650
25.887013 28.066438
25.857050 28.078799
25.827286 28.091729
25.797728 28.105226
25.768388 28.119283
25.739272 28.133896
25.710390 28.149061
25.681751 28.164773
25.653362 28.181026
25.625233 28.197816
25.597372 28.215136
25.569787 28.232983
25.542486 28.251348
25.515478 28.270228
25.488771 28.289616
25.462371 28.309506
25.436289 28.329892
25.410530 28.350767
25.385103 28.372125
25.360015 28.393960
25.335274 28.416263
25.310887 28.439030
25.286862 28.462252
25.263204 28.485923
25.239923 28.510034
25.217023 28.534580
25.194513 28.559552
25.172398 28.584943
25.150686 28.610745
25.129382 28.636951
25.108493 28.663551
25.088026 28.690539
25.067985 28.717906
25.048378 28.745644
25.029209 28.773745
25.010485 28.802199
24.992211 28.831000
24.974392 28.860137
24.957034 28.889603
24.940142 28.919388
24.923720 28.949484
24.907774 28.979882
24.892308 29.010572
24.877327 29.041546
24.862835 29.072794
24.848836 29.104307
24.835335 29.136076
24.822335 29.168091
24.809840 29.200344
24.797854 29.232823
24.786381 29.265521
24.775423 29.298427
24.764985 29.331531
24.755068 29.364824
24.745676 29.398296
24.736812 29.431937
24.728478 29.465738
24.720676 29.499688
24.713409 29.533777
24.706680 29.567996
24.700489 29.602335
24.694839 29.636782
24.689731 29.671329
24.685167 29.705965
24.681148 29.740681
24.677676 29.775465
24.674751 29.810308
24.672374 29.845199
24.670545 29.880129
24.669266 29.915088
24.668537 29.950064
24.668357 29.985048
24.668728 30.020030
24.669648 30.054999
24.671117 30.089945
24.673135 30.124859
24.675702 30.159729
24.678816 30.194546
24.682477 30.229299
24.686683 30.263979
24.691433 30.298575
24.696726 30.333077
24.702561 30.367475
24.708935 30.401760
24.715846 30.435920
24.723293 30.469946
24.731274 30.503829
24.739785 30.537558
24.748825 30.571123
24.758390 30.604515
24.768479 30.637723
24.779087 30.670739
24.790212 30.703552
24.801851 30.736153
24.813999 30.768531
24.826654 30.800679
24.839812 30.832586
24.853469 30.864243
24.867620 30.895640
24.882262 30.926769
24.897391 30.957619
24.913001 30.988183
24.929088 31.018451
24.945648 31.048414
24.962675 31.078063
24.980165 31.107390
24.998113 31.136385
25.016512 31.165040
25.035358 31.193348
25.054645 31.221298
25.074367 31.248883
25.094520 31.276095
25.115095 31.302925
25.136088 31.329366
25.157493 31.355409
25.179302 31.381047
25.201511 31.406272
25.224111 31.431077
25.247096 31.455453
25.270460 31.479394
25.294195 31.502892
25.318296 31.525940
25.342753 31.548532
25.367561 31.570659
25.392712 31.592317
25.418198 31.613496
25.444012 31.634193
25.470146 31.654399
25.496593 31.674109
25.523344 31.693316
25.550392 31.712015
25.577729 31.730200
25.605346 31.747864
25.633236 31.765004
25.661390 31.781612
25.689799 31.797684
25.718456 31.813215
25.747351 31.828199
25.776477 31.842632
25.805824 31.856510
25.835384 31.869827
25.865147 31.882580
25.895106 31.894764
25.925251 31.906375
25.955572 31.917409
25.986062 31.927863
26.016711 31.937733
26.047509 31.947015
26.078448 31.955707
26.109518 31.963806
26.140710 31.971307
26.172015 31.978210
26.203423 31.984511
26.234924 31.990207
26.266510 31.995298
26.298171 31.999779
26.329897 32.003651
26.361678 32.006911
26.393506 32.009558
26.425370 32.011590
26.457260 32.013007
26.489168 32.013806
26.521084 32.013989
26.552998 32.013553
26.584900 32.012499
26.616780 32.010827
26.648629 32.008536
26.680438 32.005626
26.712196 32.002099
26.743894 31.997954
26.775522 31.993192
26.807071 31.987815
26.838530 31.981822
26.869892 31.975217
26.901144 31.967999
26.932280 31.960171
26.963287 31.951735
26.994158 31.942693
27.024883 31.933046
27.055452 31.922798
27.085856 31.911951
27.116085 31.900508
27.146131 31.888471
27.175983 31.875845
27.205633 31.862632
27.235072 31.848836
27.264291 31.834461
27.293279 31.819511
27.322029 31.803990
27.350532 31.787902
27.378779 31.771251
27.406760 31.754043
27.434468 31.736282
27.461893 31.717974
27.489027 31.699124
27.515862 31.679736
27.542389 31.659817
27.568600 31.639373
27.594486 31.618409
27.620041 31.596931
27.645254 31.574947
27.670120 31.552462
27.694629 31.529482
27.718775 31.506016
27.742549 31.482070
27.765944 31.457650
27.788953 31.432766
27.811568 31.407422
27.833783 31.381629
27.855590 31.355392
27.876982 31.328721
27.897953 31.301624
27.918496 31.274108
27.938604 31.246182
27.958271 31.217854
27.977491 31.189134
27.996258 31.160031
28.014565 31.130552
28.032408 31.100708
28.049779 31.070507
28.066674 31.039959
28.083088 31.009073
28.099014 30.977860
28.114448 30.946328
28.129385 30.914488
28.143820 30.882350
28.157749 30.849923
28.171167 30.817218
28.184069 30.784245
28.196452 30.751015
28.208312 30.717538
28.219644 30.683825
28.230446 30.649886
28.240713 30.615732
28.250442 30.581374
28.259631 30.546823
28.268275 30.512090
28.276373 30.477185
28.283922 30.442121
28.290919 30.406907
28.297362 30.371556
28.303249 30.336079
28.308578 30.300486
28.313347 30.264791
28.317555 30.229002
28.321200 30.193134
28.324282 30.157195
28.326798 30.121200
28.328749 30.085157
28.330133 30.049081
-1000.0 -1000.0
