MAP_NAME IR_ring
#
# Irene Radar range ring
#
POLYLINE Irene 362
27.752207 28.223568
27.751982 28.187632
27.751189 28.151707
27.749829 28.115803
27.747902 28.079933
27.745410 28.044107
27.742352 28.008338
27.738730 27.972636
27.734545 27.937013
27.729798 27.901481
27.724491 27.866051
27.718626 27.830734
27.712204 27.795541
27.705227 27.760485
27.697698 27.725575
27.689620 27.690823
27.680994 27.656240
27.671823 27.621838
27.662111 27.587626
27.651860 27.553616
27.641074 27.519820
27.629756 27.486246
27.617911 27.452907
27.605541 27.419812
27.592650 27.386973
27.579243 27.354399
27.565325 27.322100
27.550898 27.290088
27.535969 27.258372
27.520542 27.226962
27.504621 27.195867
27.488213 27.165098
27.471321 27.134664
27.453952 27.104575
27.436111 27.074840
27.417803 27.045468
27.399035 27.016469
27.379813 26.987850
27.360141 26.959623
27.340028 26.931794
27.319479 26.904372
27.298500 26.877366
27.277099 26.850785
27.255282 26.824636
27.233056 26.798927
27.210428 26.773666
27.187405 26.748861
27.163994 26.724519
27.140203 26.700648
27.116039 26.677255
27.091510 26.654346
27.066624 26.631929
27.041388 26.610010
27.015810 26.588596
26.989899 26.567694
26.963662 26.547308
26.937108 26.527446
26.910245 26.508113
26.883081 26.489315
26.855625 26.471057
26.827885 26.453345
26.799870 26.436183
26.771589 26.419576
26.743051 26.403530
26.714264 26.388049
26.685237 26.373136
26.655980 26.358797
26.626501 26.345035
26.596810 26.331855
26.566916 26.319258
26.536827 26.307250
26.506554 26.295834
26.476106 26.285011
26.445491 26.274786
26.414721 26.265161
26.383803 26.256138
26.352747 26.247720
26.321564 26.239908
26.290262 26.232705
26.258851 26.226112
26.227341 26.220131
26.195742 26.214763
26.164063 26.210010
26.132313 26.205871
26.100504 26.202349
26.068643 26.199443
26.036741 26.197154
26.004808 26.195482
25.972853 26.194427
25.940887 26.193989
25.908918 26.194168
25.876957 26.194963
25.845013 26.196373
25.813096 26.198397
25.781215 26.201035
25.749381 26.204285
25.717603 26.208145
25.685890 26.212614
25.654252 26.217689
25.622699 26.223370
25.591240 26.229654
25.559884 26.236539
25.528642 26.244021
25.497522 26.252098
25.466534 26.260768
25.435687 26.270027
25.404990 26.279873
25.374453 26.290301
25.344085 26.301308
25.313895 26.312891
25.283891 26.325045
25.254084 26.337767
25.224481 26.351052
25.195092 26.364896
25.165926 26.379295
25.136991 26.394243
25.108295 26.409737
25.079849 26.425770
25.051659 26.442338
25.023734 26.459436
24.996083 26.477058
24.968713 26.495199
24.941634 26.513852
24.914853 26.533013
24.888377 26.552675
24.862216 26.572831
24.836376 26.593477
24.810866 26.614604
24.785692 26.636208
24.760863 26.658280
24.736385 26.680815
24.712267 26.703805
24.688514 26.727243
24.665135 26.751123
24.642135 26.775437
24.619523 26.800177
24.597304 26.825336
24.575486 26.850907
24.554073 26.876881
24.533074 26.903251
24.512494 26.930010
24.492340 26.957148
24.472616 26.984657
24.453329 27.012531
24.434485 27.040759
24.416089 27.069334
24.398147 27.098247
24.380664 27.127490
24.363645 27.157053
24.347095 27.186929
24.331020 27.217108
24.315422 27.247581
24.300309 27.278339
24.285683 27.309373
24.271549 27.340674
24.257911 27.372233
24.244774 27.404040
24.232140 27.436087
24.220015 27.468362
24.208401 27.500858
24.197302 27.533564
24.186721 27.566471
24.176661 27.599569
24.167125 27.632848
24.158116 27.666299
24.149637 27.699912
24.141690 27.733677
24.134278 27.767584
24.127402 27.801623
24.121064 27.835784
24.115268 27.870058
24.110013 27.904433
24.105302 27.938901
24.101136 27.973451
24.097517 28.008072
24.094445 28.042756
24.091921 28.077491
24.089946 28.112268
24.088521 28.147076
24.087646 28.181905
24.087321 28.216745
24.087547 28.251586
24.088323 28.286418
24.089649 28.321230
24.091524 28.356013
24.093949 28.390756
24.096922 28.425449
24.100443 28.460081
24.104510 28.494644
24.109123 28.529126
24.114279 28.563518
24.119978 28.597809
24.126218 28.631990
24.132996 28.666050
24.140312 28.699980
24.148162 28.733769
24.156545 28.767408
24.165457 28.800887
24.174897 28.834196
24.184862 28.867325
24.195348 28.900265
24.206352 28.933006
24.217873 28.965537
24.229904 28.997851
24.242445 29.029936
24.255490 29.061785
24.269036 29.093386
24.283078 29.124732
24.297614 29.155812
24.312638 29.186618
24.328145 29.217140
24.344133 29.247370
24.360595 29.277298
24.377526 29.306915
24.394923 29.336213
24.412780 29.365184
24.431090 29.393818
24.449850 29.422106
24.469054 29.450041
24.488695 29.477614
24.508769 29.504817
24.529268 29.531642
24.550188 29.558080
24.571521 29.584123
24.593262 29.609765
24.615405 29.634996
24.637941 29.659810
24.660866 29.684199
24.684172 29.708156
24.707852 29.731672
24.731900 29.754742
24.756307 29.777358
24.781068 29.799512
24.806173 29.821199
24.831618 29.842412
24.857392 29.863143
24.883490 29.883388
24.909902 29.903138
24.936622 29.922389
24.963641 29.941134
24.990952 29.959367
25.018546 29.977083
25.046414 29.994276
25.074550 30.010941
25.102944 30.027071
25.131587 30.042663
25.160472 30.057711
25.189590 30.072211
25.218931 30.086157
25.248488 30.099545
25.278251 30.112370
25.308212 30.124630
25.338361 30.136318
25.368689 30.147432
25.399188 30.157968
25.429848 30.167922
25.460661 30.177291
25.491616 30.186071
25.522705 30.194260
25.553917 30.201854
25.585245 30.208851
25.616678 30.215248
25.648207 30.221043
25.679822 30.226234
25.711514 30.230819
25.743273 30.234795
25.775090 30.238161
25.806955 30.240916
25.838859 30.243058
25.870791 30.244586
25.902742 30.245500
25.934703 30.245798
25.966664 30.245479
25.998614 30.244544
26.030545 30.242993
26.062446 30.240824
26.094309 30.238039
26.126122 30.234637
26.157877 30.230620
26.189563 30.225987
26.221172 30.220740
26.252693 30.214880
26.284117 30.208409
26.315434 30.201327
26.346634 30.193636
26.377709 30.185339
26.408648 30.176436
26.439442 30.166932
26.470081 30.156827
26.500556 30.146124
26.530858 30.134827
26.560978 30.122939
26.590905 30.110461
26.620631 30.097399
26.650146 30.083755
26.679442 30.069533
26.708509 30.054737
26.737339 30.039372
26.765922 30.023441
26.794249 30.006949
26.822312 29.989901
26.850102 29.972302
26.877611 29.954156
26.904828 29.935469
26.931748 29.916247
26.958360 29.896494
26.984656 29.876217
27.010629 29.855421
27.036270 29.834114
27.061571 29.812300
27.086524 29.789986
27.111121 29.767180
27.135355 29.743888
27.159218 29.720117
27.182702 29.695873
27.205801 29.671165
27.228506 29.646000
27.250811 29.620385
27.272708 29.594329
27.294191 29.567838
27.315253 29.540922
27.335887 29.513588
27.356087 29.485845
27.375845 29.457702
27.395157 29.429166
27.414016 29.400247
27.432416 29.370955
27.450350 29.341296
27.467814 29.311282
27.484801 29.280922
27.501307 29.250224
27.517326 29.219199
27.532853 29.187856
27.547883 29.156204
27.562411 29.124255
27.576433 29.092018
27.589944 29.059503
27.602939 29.026720
27.615415 28.993680
27.627368 28.960392
27.638793 28.926869
27.649688 28.893120
27.660048 28.859156
27.669871 28.824987
27.679152 28.790625
27.687890 28.756081
27.696081 28.721365
27.703723 28.686489
27.710813 28.651463
27.717349 28.616299
27.723329 28.581008
27.728751 28.545602
27.733613 28.510091
27.737914 28.474488
27.741652 28.438802
27.744826 28.403047
27.747435 28.367233
27.749478 28.331371
27.750955 28.295474
27.751865 28.259553
27.752207 28.223568
-1000.0 -1000.0
